feats	n_estim	samples	n_train	n_test	learn_r	down_r	ndcg	balance_dataset
31	20	10.00	6.93	0.99	0.03		0.30010
31	10	20.00	14.05	1.99	0.03		0.31175
31	20	40.00	27.74	3.95	0.03		0.31639
31	5	40.00	2.04	3.94	0.03	3	0.18000	True
31	20	40.00	2.04	3.94	0.03	3	0.22612	True
31	100	40.00	3.61	3.95	0.03	3	0.39423	True
31	100	40.00	27.73	4.34	0.03		0.39606	
31	50	40.00	3.61	3.95	0.03	3	0.33950	True
31	50	40.00	3.61	3.95	0.03	3	0.34476	True
35	300	42.00	3.78	4.18	0.03	3.00	0.42127	True
35	500	42.00	3.78	4.18	0.03	3.00	0.42344	True
35	500	42.00	4.59	4.18	0.03	4.00	0.42314	True
35	500	42.00	3.78	4.18	0.05	3.00	0.42546	True
35	500	42.00	5.41	4.20	0.05	5.00	0.42420	True
35	500	42.00	5.41	4.18	0.03	5.00	0.42302	True
35	500	42.00	5.41	4.19	0.05	5.00	0.42585	True
35	100	42.00	5.41	4.18	0.03	5.00	0.40301	True
31	50	42.00	3.77	4.19	0.03	3.00	0.37564	True
51	50	42.00	3.79	4.14	0.03	3.00	0.34089	True
51	100	42.00	3.79	4.18	0.03	3.00	0.39428	True
51	10	10.00	0.88	0.98	0.05	3.00	0.28517	True
